7 170 420 6 0
0 0.0 0 0.0 420.0 420.0
1 0.75 1 0.0 25.0 13.233751999999999
2 0.75 1 1.0 26.0 15.431714
3 0.75 1 3.0 28.0 14.509988
4 0.75 1 4.0 29.0 10.56311
5 0.75 1 5.0 30.0 19.496762
6 0.75 2 7.0 32.0 13.210118
7 0.75 1 7.0 32.0 13.257386
8 0.75 1 8.0 33.0 13.824602
9 0.75 1 10.0 35.0 20.040344
10 0.75 2 11.0 36.0 16.873388
11 0.75 1 12.0 37.0 21.55292
12 0.75 1 18.0 43.0 14.226379999999999
13 0.75 1 20.0 45.0 21.600188000000003
14 0.75 1 30.0 55.0 10.846718
15 0.75 1 30.0 55.0 13.848236
16 0.75 1 30.0 55.0 15.597152
17 0.75 1 35.0 60.0 20.394854
18 0.75 1 35.0 60.0 11.673908
19 0.75 1 35.0 60.0 16.447976
20 0.75 1 38.0 63.0 27.662319999999998
21 0.75 1 39.0 64.0 15.975296
22 0.75 1 42.0 67.0 18.575036
23 0.75 1 44.0 69.0 11.957516
24 0.75 1 45.0 70.0 18.12599
25 0.75 2 47.0 72.0 17.77148
26 0.75 1 50.0 75.0 14.557255999999999
27 0.75 1 50.0 75.0 11.957516
28 0.75 1 52.0 77.0 10.846718
29 0.75 1 54.0 79.0 17.88965
30 0.75 1 60.0 85.0 15.786223999999999
31 0.75 1 60.0 85.0 15.40808
32 0.75 1 62.0 87.0 16.188001999999997
33 0.75 1 65.0 90.0 20.891168
34 0.75 1 69.0 94.0 19.945808
35 0.75 1 77.0 102.0 16.188001999999997
36 0.75 1 101.0 126.0 13.351922
37 0.75 2 110.0 135.0 14.462720000000001
38 0.75 1 111.0 136.0 14.273648
39 0.75 1 113.0 138.0 19.473128000000003
40 0.75 1 124.0 149.0 10.492208
41 0.75 1 142.0 167.0 18.59867
42 0.75 1 153.0 178.0 14.840864
43 0.75 1 182.0 207.0 13.446458
44 0.75 1 207.0 232.0 11.62664
45 0.75 2 246.0 271.0 12.241124
46 0.75 1 248.0 273.0 19.851272
47 0.75 1 254.0 279.0 16.377074
48 0.75 1 276.0 301.0 12.264758
49 0.75 1 278.0 303.0 17.204264
50 0.75 5 281.0 306.0 19.54403
51 0.75 1 294.0 319.0 18.173258
52 0.75 1 299.0 324.0 19.922174000000002
53 0.75 1 300.0 325.0 12.572
54 0.75 1 301.0 326.0 15.52625
55 0.75 1 302.0 327.0 12.737438000000001
56 0.75 1 303.0 328.0 17.88965
57 0.75 1 303.0 328.0 13.800968000000001
58 0.75 1 305.0 330.0 14.486353999999999
59 0.75 1 308.0 333.0 12.501097999999999
60 0.75 1 308.0 333.0 14.675425999999998
61 0.75 1 308.0 333.0 19.945808
62 0.75 1 309.0 334.0 15.975296
63 0.75 1 310.0 335.0 19.756736
64 0.75 1 312.0 337.0 17.511505999999997
65 0.75 1 313.0 338.0 17.676944
66 0.75 1 317.0 342.0 16.802486000000002
67 0.75 3 321.0 346.0 15.029936
68 0.75 1 327.0 352.0 13.04468
69 0.75 1 328.0 353.0 13.328288
70 0.75 1 330.0 355.0 14.628157999999999
71 0.75 1 331.0 356.0 14.58089
72 0.75 3 333.0 358.0 17.676944
73 0.75 1 334.0 359.0 17.676944
74 0.75 1 336.0 361.0 12.501097999999999
75 0.75 1 340.0 365.0 15.148105999999999
76 0.75 1 340.0 365.0 17.511505999999997
77 0.75 1 341.0 366.0 16.377074
78 0.75 1 341.0 366.0 20.016710000000003
79 0.75 1 342.0 367.0 13.328288
80 0.75 1 342.0 367.0 18.267794000000002
81 0.75 1 346.0 371.0 18.527768000000002
82 0.75 1 346.0 371.0 12.619268
83 0.75 1 348.0 373.0 12.193856
84 0.75 1 349.0 374.0 13.351922
85 0.75 1 352.0 377.0 16.82612
86 0.75 -1 3.983752 38.983751999999996 13.233751999999999
87 0.75 -1 7.1817139999999995 42.181714 15.431714
88 0.75 -1 8.259988 43.259988 14.509988
89 0.75 -1 5.31311 40.31311 10.56311
90 0.75 -1 15.246762 50.246762000000004 19.496762
91 0.75 -2 10.960118000000001 45.960118 13.210118
92 0.75 -1 11.007386 46.007386 13.257386
93 0.75 -1 12.574602 47.574602 13.824602
94 0.75 -1 20.790344 55.790344000000005 20.040344
95 0.75 -2 18.623388000000002 53.623388 16.873388
96 0.75 -1 24.30292 59.30292 21.55292
97 0.75 -1 22.976380000000002 57.97638 14.226379999999999
98 0.75 -1 32.350187999999996 67.350188 21.600188000000003
99 0.75 -1 31.596718 66.596718 10.846718
100 0.75 -1 34.598236 69.598236 13.848236
101 0.75 -1 36.347151999999994 71.347152 15.597152
102 0.75 -1 46.144853999999995 81.144854 20.394854
103 0.75 -1 37.423908 72.423908 11.673908
104 0.75 -1 42.197976 77.197976 16.447976
105 0.75 -1 54.55703999999999 91.41232 27.662319999999998
106 0.75 -1 45.72529599999999 80.725296 15.975296
107 0.75 -1 51.325036 86.325036 18.575036
108 0.75 -1 46.707516 81.707516 11.957516
109 0.75 -1 53.875989999999994 88.87599 18.12599
110 0.75 -2 55.52148 90.52148 17.77148
111 0.75 -1 55.307255999999995 90.307256 14.557255999999999
112 0.75 -1 52.707516 87.707516 11.957516
113 0.75 -1 53.596717999999996 88.596718 10.846718
114 0.75 -1 62.639649999999996 97.63965 17.88965
115 0.75 -1 66.536224 101.536224 15.786223999999999
116 0.75 -1 66.15808 101.15808 15.40808
117 0.75 -1 68.938002 103.938002 16.188001999999997
118 0.75 -1 76.64116800000001 111.641168 20.891168
119 0.75 -1 79.695808 114.695808 19.945808
120 0.75 -1 83.938002 118.938002 16.188001999999997
121 0.75 -1 105.101922 140.101922 13.351922
122 0.75 -2 115.21272 150.21272 14.462720000000001
123 0.75 -1 116.02364800000001 151.023648 14.273648
124 0.75 -1 123.223128 158.223128 19.473128000000003
125 0.75 -1 125.242208 160.242208 10.492208
126 0.75 -1 151.34867 186.34867 18.59867
127 0.75 -1 158.59086399999998 193.590864 14.840864
128 0.75 -1 186.19645799999998 221.196458 13.446458
129 0.75 -1 209.37663999999998 244.37664 11.62664
130 0.75 -2 248.99112399999999 283.991124 12.241124
131 0.75 -1 258.601272 293.601272 19.851272
132 0.75 -1 261.127074 296.127074 16.377074
133 0.75 -1 279.014758 314.01475800000003 12.264758
134 0.75 -1 285.95426399999997 320.954264 17.204264
135 0.75 -5 291.29402999999996 326.29403 19.54403
136 0.75 -1 302.923258 337.923258 18.173258
137 0.75 -1 309.672174 344.672174 19.922174000000002
138 0.75 -1 303.322 338.322 12.572
139 0.75 -1 307.27625 342.27625 15.52625
140 0.75 -1 305.487438 340.487438 12.737438000000001
141 0.75 -1 311.63965 346.63965 17.88965
142 0.75 -1 307.550968 342.550968 13.800968000000001
143 0.75 -1 310.236354 345.236354 14.486353999999999
144 0.75 -1 311.251098 346.251098 12.501097999999999
145 0.75 -1 313.425426 348.425426 14.675425999999998
146 0.75 -1 318.695808 353.695808 19.945808
147 0.75 -1 315.725296 350.725296 15.975296
148 0.75 -1 320.506736 355.506736 19.756736
149 0.75 -1 320.261506 355.261506 17.511505999999997
150 0.75 -1 321.426944 356.426944 17.676944
151 0.75 -1 324.552486 359.552486 16.802486000000002
152 0.75 -3 326.77993599999996 361.779936 15.029936
153 0.75 -1 330.79467999999997 365.79467999999997 13.04468
154 0.75 -1 332.078288 367.078288 13.328288
155 0.75 -1 335.378158 370.378158 14.628157999999999
156 0.75 -1 336.33089 371.33089 14.58089
157 0.75 -3 341.426944 376.426944 17.676944
158 0.75 -1 342.426944 377.426944 17.676944
159 0.75 -1 339.251098 374.251098 12.501097999999999
160 0.75 -1 345.898106 380.898106 15.148105999999999
161 0.75 -1 348.261506 383.261506 17.511505999999997
162 0.75 -1 348.127074 383.127074 16.377074
163 0.75 -1 351.76671 386.76671 20.016710000000003
164 0.75 -1 346.078288 381.078288 13.328288
165 0.75 -1 351.017794 386.017794 18.267794000000002
166 0.75 -1 355.277768 390.277768 18.527768000000002
167 0.75 -1 349.369268 384.369268 12.619268
168 0.75 -1 350.943856 385.943856 12.193856
169 0.75 -1 353.101922 388.101922 13.351922
170 0.75 -1 359.57612 394.57612 16.82612
171 0 0 0 420 420
